1110000000 60
1101000000 40
1100100000 40
1100010000 40
1100001000 40
1100000100 40
1100000010 40
1100000001 40
1011000000 40
1010100000 30
1010010000 30
1010001000 30
1010000100 30
1010000010 30
1010000001 30
1001100000 40
1001010000 30
1001001000 30
1001000100 30
1001000010 30
1001000001 30
1000110000 40
1000101000 30
1000100100 30
1000100010 30
1000100001 30
1000011000 40
1000010100 30
1000010010 30
1000010001 30
1000001100 40
1000001010 30
1000001001 30
1000000110 40
1000000101 30
1000000011 40
0111000000 60
0110100000 40
0110010000 40
0110001000 40
0110000100 40
0110000010 40
0110000001 40
0101100000 40
0101010000 30
0101001000 30
0101000100 30
0101000010 30
0101000001 30
0100110000 40
0100101000 30
0100100100 30
0100100010 30
0100100001 30
0100011000 40
0100010100 30
0100010010 30
0100010001 30
0100001100 40
0100001010 30
0100001001 30
0100000110 40
0100000101 30
0100000011 40
0011100000 60
0011010000 40
0011001000 40
0011000100 40
0011000010 40
0011000001 40
0010110000 40
0010101000 30
0010100100 30
0010100010 30
0010100001 30
0010011000 40
0010010100 30
0010010010 30
0010010001 30
0010001100 40
0010001010 30
0010001001 30
0010000110 40
0010000101 30
0010000011 40
0001110000 60
0001101000 40
0001100100 40
0001100010 40
0001100001 40
0001011000 40
0001010100 30
0001010010 30
0001010001 30
0001001100 40
0001001010 30
0001001001 30
0001000110 40
0001000101 30
0001000011 40
0000111000 60
0000110100 40
0000110010 40
0000110001 40
0000101100 40
0000101010 30
0000101001 30
0000100110 40
0000100101 30
0000100011 40
0000011100 60
0000011010 40
0000011001 40
0000010110 40
0000010101 30
0000010011 40
0000001110 60
0000001101 40
0000001011 40
0000000111 60

36.666666666666664